           1   6.0030089208772752     
           2   6.0068435845270098     
           3   6.0104437699043443     
           4   6.0141288983078880     
           5   6.0176602897969058     
           6   6.0315811645063215     
           7   6.0655023370479881     
           8   8.0583270175579642     
           9   8.9981349526726877     
          10   9.8028632997667327     
          11   10.503067529319683     
          12   11.121222542187184     
          13   11.672518807144593     
          14   12.164141119979941     
          15   12.604882564072806     
          16   13.004554397021893     
          17   13.367878778912711     
          18   13.698010431033191     
          19   13.998958548277347     
          20   14.274086712594791     
          21   14.527036696137543     
          22   14.762813847130449     
          23   14.981928447249343     
          24   15.186713681200654     
          25   15.378325697254454     
          26   15.558235752401218     
          27   15.727461792566649     
          28   15.887036665221034     
          29   16.042202509772103     
          30   16.195081878833097     
          31   16.344701791760215     
          32   16.492078554931606     
          33   16.637481288399094     
          34   16.781121396714877     
          35   16.923145639717561     
          36   17.063605109539903     
          37   17.195399977851899     
          38   17.321197136742917     
          39   17.440942863246267     
          40   17.555631738810010     
          41   17.666233195048171     
          42   17.772782729541767     
          43   17.875004269039412     
          44   17.973113937796064     
          45   18.067372746272881     
          46   18.157857998751954     
          47   18.244735978920644     
          48   18.328153690724339     
          49   18.408233420833710     
          50   18.485114807459336     
          51   18.558916998984945     
          52   18.629761800193183     
          53   18.697763560928607     
          54   18.763031894833620     
          55   18.825672944942255     
          56   18.885787351611832     
          57   18.943472591728806     
          58   18.998821458249399     
          59   19.051923392647534     
          60   19.102863915913375     
          61   19.151729364966126     
          62   19.198602719410896     
          63   19.243563730562691     
          64   19.286687903618102     
          65   19.328047715604715     
          66   19.367713927684605     
          67   19.405754854365096     
          68   19.442235878503254     
          69   19.477220022594601     
          70   19.510768010135635     
          71   19.542938116637494     
          72   19.573786392190463     
          73   19.603366693666548     
          74   19.631730770075293     
          75   19.658928372856934     
          76   19.685007281131082     
          77   19.710013367450969     
          78   19.733990671019171     
          79   19.756981471721744     
          80   19.779026350057542     
          81   19.800164244107080     
          82   19.820432516926612     
          83   19.839867013299489     
          84   19.858502117083308     
          85   19.876370808262248     
          86   19.893504716767552     
          87   19.909934175182926     
          88   19.925688269912612     
          89   19.940794890339877     
          90   19.955280776480063     
          91   19.969171565039826     
          92   19.982491833725749     
          93   19.995265144140159     
          94   20.007514082984020     
          95   20.019260301803595     
          96   20.030524555194489     
          97   20.041326737537847     
          98   20.051685918338055     
          99   20.061620376186497     
         100   20.071147631427035     
         101   20.080284477507515     
         102   20.089047011063659     
         103   20.097450660806114     
         104   20.105510215282205     
         105   20.113239849483698     
         106   20.120653150357960     
         107   20.127763141295119     
         108   20.134582305613066     
         109   20.141122609064773     
         110   20.147395521420702     
         111   20.153412037159082     
         112   20.159182695294668     
         113   20.164717598384140     
         114   20.170026430739320     
         115   20.175118475879913     
         116   20.180002633257185     
         117   20.184687434277560     
         118   20.189181057655187     
         119   20.193491344120904     
         120   20.197625810514065     
         121   20.201591663283054     
         122   20.205395811418786     
         123   20.209044878845010     
         124   20.212545216288120     
         125   20.215902912648179     
         126   20.219123805892245     
         127   20.222213493490003     
         128   20.225177342410973     
         129   20.228020498701895     
         130   20.230747896661864     
         131   20.233364267632350     
         132   20.235874148418432     
         133   20.238281889356550     
         134   20.240591662044267     
         135   20.242807466745706     
         136   20.244933139487081     
         137   20.246972358854837     
         138   20.248928652509491     
         139   20.250805403426838     
         140   20.252605855878308     
         141   20.254333121161466     
         142   20.255990183091104     
         143   20.257579903261259     
         144   20.259105026087674     
         145   20.260568183640071     
         146   20.261971900273046     
         147   20.263318597064249     
         148   20.264610596067708     
         149   20.265850124390358     
         150   20.267039318099140     
         151   20.268180225965640     
         152   20.269274813055493     
         153   20.270324964168591     
         154   20.271332487136725     
         155   20.272299115984652     
         156   20.273226513959987     
         157   20.274116276437848     
         158   20.274969933705144     
         159   20.275788953629835     
         160   20.276574744219765     
         161   20.277328656075795     
         162   20.278051984743666     
         163   20.278745972968665     
         164   20.279411812857504     
         165   20.280050647950752     
         166   20.280663575210117     
         167   20.281251646923703     
         168   20.281815872532846     
         169   20.282357220383787     
         170   20.282876619407226     
         171   20.283374960728803     
         172   20.283853099213481     
         173   20.284311854946239     
         174   20.284752014652277     
         175   20.285174333058531     
         176   20.285579534199631     
         177   20.285968312670068     
         178   20.286341334825099     
         179   20.286699239932371     
         180   20.287042641276404     
         181   20.287372127217729     
         182   20.287688262208778     
         183   20.287991587768033     
         184   20.288282623414371     
         185   20.288561867563203     
         186   20.288829798385919     
         187   20.289086874634179     
         188   20.289333536430561     
         189   20.289570206026735     
         190   20.289797288530906     
         191   20.290015172605326     
         192   20.290224231135412     
         193   20.290424821871557     
         194   20.290617288044675     
         195   20.290801958956692     
         196   20.290979150546917     
         197   20.291149165935305     
         198   20.291312295943577     
         199   20.291468819595089     
         200   20.291619004594299     
         201   20.291763107786743     
         202   20.291901375600208     
         203   20.292034044468014     
         204   20.292161341234948     
         205   20.292283483546719     
         206   20.292400680223619     
         207   20.292513131618840     
         208   20.292621029962291     
         209   20.292724559690445     
         210   20.292823897762663     
         211   20.292919213964765     
         212   20.293010671200165     
         213   20.293098425769198     
         214   20.293182627637105     
         215   20.293263420691080     
         216   20.293340942986919     
         217   20.293415326985546     
         218   20.293486699780107     
         219   20.293555183313575     
         220   20.293620894587796     
         221   20.293683945863815     
         222   20.293744444854170     
         223   20.293802494907357     
         224   20.293858195184843     
         225   20.293911640830746     
         226   20.293962923134842     
         227   20.294012129688795     
 
 
           1   18.983644798988895     
           2   18.960577993549403     
           3   18.928856355138318     
           4   18.889787314789583     
           5   18.843963450834430     
           6   18.802699121874017     
           7   18.776342271890357     
           8   19.224979271555775     
           9   19.427550595579138     
          10   19.603179525549344     
          11   19.754301522517320     
          12   19.885206014592640     
          13   19.998453264954389     
          14   20.092058714293763     
          15   20.168168548826259     
          16   20.231643488991626     
          17   20.283215410196608     
          18   20.322830766194716     
          19   20.351974444133880     
          20   20.371905248169931     
          21   20.384509801789978     
          22   20.393334542318481     
          23   20.397636355753189     
          24   20.398679579679886     
          25   20.396694771496378     
          26   20.392344451571148     
          27   20.385938440401944     
          28   20.377881804190444     
          29   20.369837656642172     
          30   20.363527813038463     
          31   20.357923293322248     
          32   20.353068043926665     
          33   20.349498116605371     
          34   20.347046627652400     
          35   20.345834456076453     
          36   20.345819181903636     
          37   20.344745162499226     
          38   20.343264312370859     
          39   20.341482455995688     
          40   20.339683078803784     
          41   20.338080408343735     
          42   20.336609195986338     
          43   20.335131071056161     
          44   20.333694654367516     
          45   20.332323296352236     
          46   20.330991319569272     
          47   20.329711700179924     
          48   20.328482247396373     
          49   20.327300003700607     
          50   20.326166833421670     
          51   20.325079284376130     
          52   20.324036918592110     
          53   20.323037386032492     
          54   20.322078793768085     
          55   20.321159088949685     
          56   20.320275966941651     
          57   20.319427321333905     
          58   20.318610808055418     
          59   20.317824241813437     
          60   20.317065332941102     
          61   20.316332894355327     
          62   20.315625766987733     
          63   20.314942914949171     
          64   20.314283068177435     
          65   20.313644910472114     
          66   20.313027451452498     
          67   20.312429883007407     
          68   20.311851361527776     
          69   20.311291117437186     
          70   20.310748483832690     
          71   20.310222811385074     
          72   20.309713501366925     
          73   20.309219997086629     
          74   20.308741773788601     
          75   20.308278350339485     
          76   20.307829274292526     
          77   20.307394115753151     
          78   20.306972466332898     
          79   20.306563938269917     
          80   20.306168162352332     
          81   20.305784783283663     
          82   20.305413459833943     
          83   20.305053862928816     
          84   20.304705673958654     
          85   20.304368584061113     
          86   20.304042293048312     
          87   20.303726508600871     
          88   20.303420945672595     
          89   20.303125325913992     
          90   20.302839377206773     
          91   20.302562833333351     
          92   20.302295433650478     
          93   20.302036922885865     
          94   20.301787050944867     
          95   20.301545572770479     
          96   20.301312248231252     
          97   20.301086842020194     
          98   20.300869123587823     
          99   20.300658867088373     
         100   20.300455851347571     
         101   20.300259859832675     
         102   20.300070680621520     
         103   20.299888106380607     
         104   20.299711934355894     
         105   20.299541966354482     
         106   20.299378008721721     
         107   20.299219872323686     
         108   20.299067372526729     
         109   20.298920329171136     
         110   20.298778566543149     
         111   20.298641913343509     
         112   20.298510202651549     
         113   20.298383271885925     
         114   20.298260962761340     
         115   20.298143121241619     
         116   20.298029597489151     
         117   20.297920245810964     
         118   20.297814924601472     
         119   20.297713496282302     
         120   20.297615827239387     
         121   20.297521787757390     
         122   20.297431251952087     
         123   20.297344097700485     
         124   20.297260206569437     
         125   20.297179463742534     
         126   20.297101757945857     
         127   20.297026981372650     
         128   20.296955029607172     
         129   20.296885801547891     
         130   20.296819199330404     
         131   20.296755128250059     
         132   20.296693496684458     
         133   20.296634216016280     
         134   20.296577200556190     
         135   20.296522367466284     
         136   20.296469636684034     
         137   20.296418930846929     
         138   20.296370175217877     
         139   20.296323297611451     
         140   20.296278228321192     
         141   20.296234900047779     
         142   20.296193247828509     
         143   20.296153208967830     
         144   20.296114722969048     
         145   20.296077731467502     
         146   20.296042178164765     
 
 
           1   319.53529089988092     
           2   318.88935161783701     
           3   318.03979390555548     
           4   317.01080141948131     
           5   315.82221356408797     
           6   314.50319951938775     
           7   313.08117460939445     
           8   277.77592761412035     
           9   260.90863586595151     
          10   246.51819367636185     
          11   233.95595013424725     
          12   222.80513102951912     
          13   212.77585878808875     
          14   203.65384301340598     
          15   195.28732865734793     
          16   187.56655246459812     
          17   180.39985587300026     
          18   173.71290160339592     
          19   167.44872710973502     
          20   161.55985749494812     
          21   156.00754094035793     
          22   150.76154448474909     
          23   145.79210408341945     
          24   141.07573615216060     
          25   136.59124025971329     
          26   132.32055356312105     
          27   128.24759005566531     
          28   124.35821925263588     
          29   120.57123605724900     
          30   116.87908367425513     
          31   113.27943652179670     
          32   109.74982467373536     
          33   106.29696467738138     
          34   102.91193082089839     
          35   99.594244742540198     
          36   96.341698857402520     
          37   93.264199053179382     
          38   90.315742763448753     
          39   87.500129949655403     
          40   84.801179489428790     
          41   82.201619731572180     
          42   79.699052765203220     
          43   77.296528563905881     
          44   74.990217399598890     
          45   72.774639878959050     
          46   70.647385901570118     
          47   68.604918784721605     
          48   66.643781905725504     
          49   64.761072422387855     
          50   62.953602203780434     
          51   61.218529123048761     
          52   59.553022352290384     
          53   57.954377490361097     
          54   56.420010838327350     
          55   54.947415192506085     
          56   53.534204675732099     
          57   52.178071445267143     
          58   50.876810368948426     
          59   49.628297749423723     
          60   48.430498142582984     
          61   47.281383844058894     
          62   46.179005560882040     
          63   45.121491722666860     
          64   44.107063416820125     
          65   43.134010730094168     
          66   42.200671347923993     
          67   41.305444007725384     
          68   40.446794468479951     
          69   39.623244928792268     
          70   38.833373297894944     
          71   38.075814589771120     
          72   37.349256567682936     
          73   36.652438791659186     
          74   35.984150398227307     
          75   35.343227828973731     
          76   34.728553885184205     
          77   34.139056057211356     
          78   33.573704803981215     
          79   33.031511817577389     
          80   32.511528585485379     
          81   32.012844959602489     
          82   31.534587599457637     
          83   31.075918612038695     
          84   30.636034183149643     
          85   30.214163239096287     
          86   29.809566174625942     
          87   29.421533613124236     
          88   29.049385207500276     
          89   28.692468488053279     
          90   28.350157747879209     
          91   28.021852968437607     
          92   27.706978785753936     
          93   27.404983492305679     
          94   27.115338078346205     
          95   26.837535308234543     
          96   26.571088833158910     
          97   26.315532338111453     
          98   26.070418722063028     
          99   25.835319310277733     
         100   25.609823097200330     
         101   25.393536019822843     
         102   25.186080260384333     
         103   24.987093576989871     
         104   24.796228660600480     
         105   24.613152518516692     
         106   24.437545883144669     
         107   24.269102644600892     
         108   24.107529306450932     
         109   23.952544463941678     
         110   23.803878303609174     
         111   23.661272123459860     
         112   23.524477872991731     
         113   23.393257712196338     
         114   23.267383588809643     
         115   23.146636833078183     
         116   23.030807769321957     
         117   22.919695343623143     
         118   22.813106766973146     
         119   22.710857173250371     
         120   22.612769291418076     
         121   22.518673131355744     
         122   22.428405682761664     
         123   22.341810626585040     
         124   22.258738058467713     
         125   22.179044223696597     
         126   22.102591263187453     
         127   22.029246970040418     
         128   21.958884556226600     
         129   21.891382428981867     
         130   21.826623976502201     
         131   21.764497362552291     
         132   21.704895329613556     
         133   21.647715010214686     
         134   21.592857746101753     
         135   21.540228914919677     
         136   21.489737764090506     
         137   21.441297251586864     
         138   21.394823893311933     
         139   21.350237616809210     
         140   21.307461621036996     
         141   21.266422241953830     
         142   21.227048823671471     
         143   21.189273594942708     
         144   21.153031550760673     
         145   21.118260338856143     
         146   21.084900150887957     
         147   21.052893618130671     
         148   21.022185711471533     
         149   20.992723645536966     
         150   20.964456786776413     
         151   20.937336565338342     
         152   20.911316390580598     
         153   20.886351570063564     
         154   20.862399231881255     
         155   20.839418250191340     
         156   20.817369173811333     
         157   20.796214157753091     
         158   20.775916897574085     
         159   20.756442566427918     
         160   20.737757754702780     
         161   20.719830412139689     
         162   20.702629792328576     
         163   20.686126399482980     
         164   20.670291937399593     
         165   20.655099260511701     
         166   20.640522326950368     
         167   20.626536153530115     
         168   20.613116772579488     
         169   20.600241190540657     
         170   20.587887348264616     
         171   20.576034082932328     
         172   20.564661091534596     
         173   20.553748895846397     
         174   20.543278808834238     
         175   20.533232902437334     
         176   20.523593976666245     
         177   20.514345529964473     
         178   20.505471730781476     
         179   20.496957390306864     
         180   20.488787936318335     
         181   20.480949388097542     
         182   20.473428332369892     
         183   20.466211900226476     
         184   20.459287744987609     
         185   20.452644020969469     
         186   20.446269363116805     
         187   20.440152867466178     
         188   20.434284072405664     
         189   20.428652940698484     
         190   20.423249842239279     
         191   20.418065537512753     
         192   20.413091161726499     
         193   20.408318209589805     
         194   20.403738520712558     
         195   20.399344265598394     
         196   20.395127932208279     
         197   20.391082313070772     
         198   20.387200492917000     
         199   20.383475836818654     
         200   20.379901978808668     
         201   20.376472810964593     
         202   20.373182472936186     
         203   20.370025341898636     
         204   20.366996022914481     
         205   20.364089339687155     
         206   20.361300325690653     
         207   20.358624215659386     
         208   20.356056437424172     
         209   20.353592604079779     
         210   20.351228506470768     
         211   20.348960105982595     
         212   20.346783527625458     
         213   20.344695053399178     
         214   20.342691115927348     
         215   20.340768292350266     
         216   20.338923298465463     
         217   20.337152983106506     
         218   20.335454322749641     
         219   20.333824416339610     
         220   20.332260480325395     
         221   20.330759843897379     
         222   20.329319944417872     
         223   20.327938323037010     
         224   20.326612620486511     
         225   20.325340573044162     
         226   20.324120008661918     
         227   20.322948843251158     
         228   20.321825077118575     
         229   20.320746791546597     
         230   20.319712145512526     
         231   20.318719372540812     
         232   20.317766777682728     
         233   20.316852734618816     
         234   20.315975682878598     
         235   20.315134125173135     
         236   20.314326624835601     
         237   20.313551803365797     
         238   20.312808338074053     
         239   20.312094959820666     
         240   20.311410450846971     
         241   20.310753642694404     
         242   20.310123414207769     
         243   20.309518689619466     
         244   20.308938436711468     
         245   20.308381665051598     
         246   20.307847424301425     
         247   20.307334802592646     
         248   20.306842924969239     
         249   20.306370951892823     
         250   20.305918077808563     
         251   20.305483529768953     
         252   20.305066566113759     
         253   20.304666475203017     
         254   20.304282574201739     
         255   20.303914207913429     
         256   20.303560747661290     
         257   20.303221590214427     
         258   20.302896156757694     
         259   20.302583891903186     
         260   20.302284262741814     
         261   20.301996757933349     
         262   20.301720886833149     
         263   20.301456178654437     
         264   20.301202181664344     
         265   20.300958462412694     
         266   20.300724604991796     
         267   20.300500210326437     
         268   20.300284895492400     
         269   20.300078293062807     
         270   20.299880050480695     
         271   20.299689829457257     
         272   20.299507305394172     
         273   20.299332166829526     
         274   20.299164114906109     
         275   20.299002862861212     
         276   20.298848135537050     
         277   20.298699668911155     
         278   20.298557209645598     
         279   20.298420514654556     
         280   20.298289350689409     
         281   20.298163493940539     
         282   20.298042729655382     
         283   20.297926851771773     
         284   20.297815662566297     
         285   20.297708972316791     
         286   20.297606598978483     
         287   20.297508367873323     
         288   20.297414111391848     
         289   20.297323668707058     
         290   20.297236885499974     
         291   20.297153613696274     
         292   20.297073711213496     
         293   20.296997041718669     
         294   20.296923474395506     
         295   20.296852883721254     
         296   20.296785149252415     
         297   20.296720155419205     
         298   20.296657791328382     
         299   20.296597950573869     
         300   20.296540531055292     
         301   20.296485434803696     
         302   20.296432567814350     
         303   20.296381839886315     
         304   20.296333164468528     
 
 
